72.9622,2.446,-106.008 
73.6104,2.472,-116.267 
73.7398,2.496,-123.106 
73.3007,2.521,-119.686 
71.2742,2.546,-100.878 
71.2742,2.571,-100.878 
72.646,2.597,-109.427 
73.0724,2.622,-117.976 
69.1455,2.647,-107.718 
62.7446,2.671,-56.4235 
65.556,2.696,-75.2313 
71.0033,2.721,-104.298 
62.1985,2.745,-94.0392 
60.0183,2.77,-88.9097 
53.9017,2.795,-82.0705 
49.7078,2.82,-78.6509 
48.4336,2.845,-90.6195 
28.369,2.87,-46.1647 
21.9745,2.895,-39.3255 
21.6444,2.921,-42.7451 
13.1906,2.946,-25.647 
3.09406,2.971,-6.83921 
16.0399,2.996,-39.3255 
15.9454,3.021,-37.6156 
10.5735,3.046,-23.9372 
3.81407,3.075,-8.54902 
-2.29061,3.102,5.12941 
0.77422,3.126,-1.7098 
-3.76403,3.151,8.54902 
0.0,3.176,-0.0 
4.89909,3.201,-10.2588 
10.0607,3.226,-18.8078 
11.3099,3.251,-20.5176 
10.7389,3.279,-18.8078 
10.7389,3.306,-18.8078 
10.7389,3.332,-18.8078 
9.30994,3.357,-17.098 
16.8868,3.382,-29.0667 
18.1527,3.407,-34.1961 
17.6501,3.432,-35.9059 
8.85796,3.458,-20.5176 
11.3099,3.483,-27.3569 
10.008,3.508,-25.647 
6.27108,3.532,-17.098 
-6.07246,3.557,17.098 
-1.1233,3.582,3.41961 
3.53956,3.607,-10.2588 
-17.8787,3.633,51.2941 
-22.1263,3.658,63.2627 
-22.567,3.683,54.7137 
-7.98933,3.713,13.6784 
-10.4915,3.738,17.098 
-20.556,3.763,35.9059 
-16.0736,3.788,29.0667 
-2.68377,3.813,5.12941 
4.3987,3.837,-8.54902 
-16.2602,3.862,35.9059 
-11.9293,3.888,25.647 
-12.0426,3.912,27.3569 
-11.1738,3.936,27.3569 
-2.57915,3.961,8.54902 
-3.15484,3.987,11.9686 
2.06382,4.012,-6.83921 
6.18861,4.037,-15.3882 
-4.96974,4.062,13.6784 
-6.40435,4.086,18.8078 
3.21548,4.111,-8.54902 
23.0704,4.137,-39.3255 
23.334,4.162,-37.6156 
13.7995,4.187,-23.9372 
4.76364,4.212,-8.54902 
12.0948,4.237,-20.5176 
17.4748,4.262,-29.0667 
19.5366,4.287,-37.6156 
14.4,4.315,-32.4863 
8.74616,4.34,-20.5176 
3.99091,4.368,-10.2588 
6.27108,4.393,-17.098 
7.6668,4.418,-23.9372 
4.8852,4.443,-17.098 
1.56222,4.468,-5.12941 
-1.08092,4.493,3.41961 
-6.20345,4.519,17.098 
-16.1134,4.544,44.4549 
-28.8108,4.569,75.2313 
-47.1211,4.595,95.749 
-45.0,4.621,85.4901 
-45.6031,4.65,82.0705 
-23.8753,4.675,46.1647 
-15.3333,4.7,29.0667 
-5.19443,4.725,10.2588 
-3.86546,4.75,8.54902 
-7.04577,4.774,18.8078 
-7.63333,4.799,22.2274 
-3.88791,4.824,11.9686 
-3.36646,4.848,10.2588 
-2.51136,4.874,8.54902 
-1.45636,4.899,5.12941 
7.85331,4.93,-20.5176 
6.1155,4.955,-15.3882 
3.40644,4.98,-8.54902 
11.8421,5.005,-22.2274 
23.8602,5.03,-39.3255 
22.1663,5.057,-37.6156 
14.0362,5.087,-22.2274 
12.9946,5.112,-20.5176 
21.2973,5.137,-39.3255 
18.4349,5.161,-37.6156 
15.611,5.186,-32.4863 
11.3099,5.211,-29.0667 
6.40435,5.235,-18.8078 
4.35697,5.26,-13.6784 
4.72014,5.285,-15.3882 
2.34687,5.31,-8.54902 
1.42027,5.336,-5.12941 
-0.996348,5.361,3.41961 
-4.44124,5.386,13.6784 
-6.48307,5.41,17.098 
-16.574,5.435,42.7451 
-37.875,5.461,71.8117 
-47.6264,5.487,97.4587 
-40.5028,5.517,70.1019 
-32.0054,5.542,51.2941 
-23.782,5.571,44.4549 
-9.46232,5.598,20.5176 
-2.32153,5.623,5.12941 
-6.27108,5.647,17.098 
-7.05784,5.672,22.2274 
4.12759,5.697,-11.9686 
3.15072,5.721,-10.2588 
1.40863,5.747,-5.12941 
2.83411,5.772,-8.54902 
8.65254,5.797,-23.9372 
12.6651,5.822,-34.1961 
9.09027,5.847,-20.5176 
10.4599,5.871,-20.5176 
14.6973,5.896,-27.3569 
21.1048,5.921,-37.6156 
22.3801,5.946,-35.9059 
19.44,5.977,-30.7765 
19.5366,6.002,-37.6156 
18.4349,6.027,-37.6156 
13.6713,6.053,-30.7765 
10.6603,6.078,-27.3569 
10.6965,6.103,-29.0667 
7.63333,6.127,-22.2274 
2.6264,6.157,-8.54902 
0.498211,6.183,-1.7098 
0.0,6.213,-0.0 
-0.550904,6.239,1.7098 
-2.29061,6.264,6.83921 
-4.08562,6.29,10.2588 
-8.01709,6.318,17.098 
-21.6309,6.342,39.3255 
-41.7845,6.368,71.8117 
-37.2348,6.394,64.9725 
-25.2011,6.418,41.0353 
-21.9911,6.444,35.9059 
-15.1729,6.469,27.3569 
-9.335,6.497,20.5176 
-3.44739,6.524,8.54902 
-3.77228,6.549,10.2588 
-4.99374,6.574,15.3882 
-1.42027,6.599,5.12941 
1.40863,6.623,-5.12941 
4.28915,6.649,-15.3882 
7.0626,6.674,-23.9372 
12.0948,6.699,-35.9059 
13.749,6.724,-39.3255 
17.1027,6.749,-41.0353 
21.6444,6.773,-42.7451 
17.9279,6.798,-37.6156 
23.334,6.829,-37.6156 
26.565,6.855,-41.0353 
21.8014,6.88,-37.6156 
18.4349,6.905,-35.9059 
12.875,6.93,-27.3569 
12.3808,6.955,-30.7765 
9.14164,6.98,-23.9372 
4.52882,7.005,-13.6784 
0.54051,7.03,-1.7098 
2.18164,7.055,-6.83921 
3.57633,7.08,-10.2588 
-1.06091,7.105,3.41961 
-5.24714,7.13,15.3882 
19.29,7.155,-35.9059 
-57.9178,7.179,114.557 
-14.2373,7.207,29.0667 
-24.1455,7.232,44.4549 
8.65254,7.26,-11.9686 
79.8753,7.285,-47.8745 
22.2856,7.309,-42.7451 
26.0954,7.334,-41.0353 
33.4248,7.36,-56.4235 
36.8699,7.385,-61.5529 
52.125,7.41,-107.718 
48.8879,7.435,-94.0392 
41.6981,7.465,-83.7803 
39.5077,7.491,-80.3607 
37.1847,7.516,-75.2313 
49.2364,7.541,-99.1685 
43.8542,7.566,-83.7803 
42.6627,7.591,-80.3607 
46.1017,7.616,-90.6195 
45.0,7.641,-75.2313 
53.1301,7.666,-95.749 
45.6031,7.691,-82.0705 
41.3478,7.723,-75.2313 
45.0,7.747,-78.6509 
41.3785,7.772,-63.2627 
43.4926,7.797,-63.2627 
44.2748,7.823,-66.6823 
44.2559,7.848,-64.9725 
-1.50744,7.872,1.7098 
48.9909,7.897,-78.6509 
53.6525,7.922,-90.6195 
57.5288,7.947,-112.847 
57.5288,7.974,-112.847 
55.0806,8.004,-90.6195 
49.7636,8.029,-88.9097 
44.2927,8.053,-68.3921 
46.3639,8.078,-73.5215 
51.0441,8.106,-80.3607 
52.4314,8.134,-88.9097 
54.4623,8.159,-95.749 
61.0203,8.184,-111.137 
61.5873,8.209,-104.298 
49.3987,8.234,-71.8117 
41.9059,8.259,-59.8431 
53.4985,8.284,-85.4901 
59.4524,8.315,-104.298 
53.4985,8.34,-85.4901 
56.5346,8.365,-100.878 
57.7243,8.39,-97.4587 
55.7843,8.415,-85.4901 
45.7848,8.44,-63.2627 
51.009,8.465,-71.8117 
58.8912,8.49,-99.1685 
60.8657,8.516,-104.298 
53.9017,8.541,-82.0705 
45.7848,8.566,-63.2627 
52.7652,8.591,-85.4901 
55.6196,8.616,-97.4587 
59.3003,8.641,-109.427 
50.4403,8.667,-78.6509 
49.2891,8.695,-73.5215 
57.0508,8.721,-92.3293 
57.2648,8.751,-95.749 
50.4403,8.778,-78.6509 
56.0702,8.803,-94.0392 
54.2461,8.828,-85.4901 
49.0856,8.853,-76.9411 
57.4649,8.879,-99.1685 
57.0115,8.906,-97.4587 
54.5667,8.934,-88.9097 
52.7652,8.959,-85.4901 
54.2461,8.984,-85.4901 
57.7243,9.009,-97.4587 
50.9061,9.034,-82.0705 
54.0395,9.058,-87.1999 
47.8624,9.086,-71.8117 
62.387,9.115,-111.137 
51.0441,9.14,-80.3607 
